20.8886,21.1391,3
24.0760,19.2466,3
20.7845,23.1065,3
23.1705,12.8570,3
10.8720,14.8487,3
12.7187,14.9454,3
18.7853,19.2653,3
11.0724,14.9075,3
11.5513,23.5354,3
11.8951,24.9536,3
16.9644,23.2281,3
17.0893,23.6554,3
24.1445,22.6404,3
11.6607,22.4021,3
16.2274,18.9275,3
21.4159,15.8551,3
13.5499,21.8863,3
11.9970,12.5585,3
21.2848,17.6065,3
16.6821,16.7936,3
16.5278,15.6579,3
22.9422,17.4189,3
17.0767,14.1277,3
10.5571,17.6177,3
12.0893,18.8440,3
20.3027,16.8575,3
17.8222,15.4210,3
11.1573,10.3622,3
20.8941,23.4246,3
24.2974,14.3962,3
11.7169,15.3770,3
12.8175,13.8121,3
16.4668,21.2188,3
11.2983,24.3198,3
13.3804,21.2567,3
24.3036,20.2891,3
24.8359,14.4190,3
15.7182,12.2017,3
19.7511,18.1753,3
19.6701,20.1898,3
14.2617,24.8926,3
22.2498,18.8859,3
23.9445,12.7888,3
18.4768,21.6732,3
10.5037,21.3110,3
20.0013,14.4998,3
14.5312,16.0954,3
11.4690,18.0475,3
11.6474,11.5061,3
22.2945,21.3486,3
19.0601,24.1017,3
22.2987,24.0706,3
20.0565,15.2926,3
14.9216,19.0757,3
13.8341,13.7708,3
15.0839,23.0040,3
10.3818,24.8771,3
15.8420,18.2314,3
18.4966,22.6966,3
20.3852,23.0843,3
15.5375,10.3239,3
14.1060,19.6294,3
24.3675,13.4928,3
15.4831,12.9153,3
22.8863,17.3459,3
24.6263,10.8489,3
16.6300,11.0110,3
22.5578,21.4207,3
11.8341,10.3084,3
19.7538,17.9928,3
21.2649,23.3029,3
23.5025,20.3368,3
16.5820,22.4368,3
13.2944,15.0067,3
24.5868,12.7185,3
23.0911,17.2505,3
17.2119,12.4588,3
11.3952,10.5212,3
15.0663,11.4161,3
24.7413,19.4823,3
17.9601,20.4265,3
19.1055,16.4548,3
13.7717,16.8221,3
12.5438,22.0791,3
18.4803,13.2395,3
16.6855,15.0019,3
12.3925,12.4971,3
12.8067,14.2544,3
19.6002,11.3321,3
11.4141,13.4966,3
15.2157,19.7757,3
19.6354,12.9298,3
10.0588,14.9149,3
24.0706,18.2438,3
14.6298,19.4846,3
10.8653,13.8725,3
22.6685,10.4092,3
23.5691,19.3685,3
16.2678,15.6632,3
23.1027,12.5486,3
22.0954,32.5958,1
24.5512,29.8923,1
23.4383,27.1776,3
26.3808,31.9530,1
34.7513,29.5636,1
24.4656,20.0816,3
31.5014,33.8523,1
22.1160,22.0885,3
25.4095,29.9342,1
22.0388,33.2009,1
29.8904,30.6858,1
30.5471,30.8736,1
20.7713,25.7662,3
24.9969,28.3264,1
31.6556,21.4603,1
22.8218,32.3042,1
26.8928,29.8857,1
31.8684,26.2660,1
24.2290,34.0187,1
34.5331,28.1508,1
28.4965,23.1410,1
26.2033,34.5297,1
25.3631,29.3122,1
22.5037,27.5922,3
25.2047,28.8918,1
34.6056,20.8721,1
22.8267,31.4454,1
32.8701,34.4060,1
24.2619,20.6251,3
31.4730,27.7593,1
34.4626,27.8621,1
30.8563,26.4689,1
23.1979,32.3186,1
28.0558,28.6187,1
24.2265,32.2779,1
24.3582,22.6254,3
33.9465,34.7458,1
34.5224,26.9337,1
28.3808,20.8248,3
27.8816,33.6869,1
23.6182,31.2547,1
29.0491,26.4590,1
24.0866,21.3330,3
31.0013,23.2101,1
31.3589,30.8479,1
27.1816,31.7057,1
32.1662,26.8301,1
25.6382,23.3530,3
34.7972,29.4501,1
23.3725,30.8560,1
25.3297,23.9717,3
23.6373,28.0426,1
28.9632,32.9141,1
32.1485,30.1007,1
30.3119,34.5219,1
29.1927,26.1284,1
23.7106,31.5531,1
23.8642,33.4630,1
21.2795,32.2820,1
26.4674,28.4077,1
26.5626,21.7268,3
26.2877,23.2357,3
30.9743,24.5772,1
24.7931,27.5650,1
23.2791,28.3039,1
20.9067,20.8878,3
25.8436,34.1720,1
21.8092,28.2074,3
33.7798,27.0721,1
21.6844,28.0482,3
33.8941,32.0308,1
20.3903,23.7046,3
32.1597,22.2789,1
29.5914,33.2766,1
27.3865,20.4500,3
34.9794,33.8459,1
34.9094,29.1711,1
22.3586,34.6518,1
29.8379,30.8200,1
32.8986,30.4849,1
27.3729,24.4895,1
32.2624,23.1473,1
22.7705,20.7431,3
30.3267,22.6784,1
34.0860,20.9727,1
32.9009,31.1915,1
22.7788,34.5088,1
28.1261,34.6843,1
24.8650,25.3761,3
22.3774,31.9269,1
27.0838,27.4567,1
33.6309,26.0240,1
27.9467,26.4198,1
26.6350,25.4337,1
29.6626,32.1812,1
20.0151,21.8767,3
29.4699,26.1806,1
31.1072,33.0224,1
34.7810,30.0891,1
32.4502,28.2840,1
38.4065,38.9607,1
33.6052,30.2718,1
30.9430,33.3239,1
35.4219,30.3443,1
33.8846,33.3122,1
38.9627,39.5956,1
44.4197,39.9419,8
30.1199,31.5530,1
43.4412,42.5672,8
31.7277,44.3197,1
43.5763,36.6056,8
34.9523,37.3808,1
30.0220,31.2882,1
42.7054,41.8528,8
42.1305,30.1262,1
31.5114,41.8678,1
43.5962,32.6178,1
36.5687,37.6650,1
41.2173,34.1537,1
36.9064,34.9849,1
34.2429,31.4867,1
40.0949,44.0178,8
34.5540,31.1345,1
31.5319,32.8514,1
38.1485,39.7632,1
35.8002,43.9801,8
33.5182,41.4093,1
31.5469,33.4789,1
31.2392,38.1891,1
44.4976,34.6314,1
38.0345,30.0228,1
41.1313,40.6965,8
43.0934,44.7458,8
31.0853,36.2345,1
43.7279,32.9686,1
40.5534,36.7694,1
41.4571,31.9088,1
44.9192,30.4208,1
34.1626,32.8433,1
33.4128,40.7529,1
40.8469,32.1272,1
34.1439,38.2230,1
39.4588,33.9007,1
33.2223,34.1763,1
35.7163,43.1156,1
32.6518,37.6154,1
40.7401,37.2734,1
32.7057,32.1487,1
31.2205,39.2978,1
38.4850,40.6557,1
32.0949,34.7158,1
44.7515,34.1576,1
37.9345,35.6435,1
40.2342,33.5325,1
38.3328,31.8129,1
38.6654,35.7125,1
30.9490,41.3393,1
33.3492,31.8556,1
37.2644,31.6354,1
32.3597,34.5593,1
31.8764,30.6943,1
31.3947,42.6928,1
32.6871,30.6229,1
41.9076,42.1834,8
40.6362,42.2059,8
31.3802,35.2975,1
37.4599,38.1835,1
31.7602,44.7106,1
44.9684,43.7313,8
31.6665,31.9335,1
39.7678,37.9878,1
36.5412,40.4396,1
36.3809,37.4862,1
43.2004,38.4513,8
35.4055,42.1356,1
39.3232,34.3605,1
35.9071,30.2376,1
38.9962,30.2972,1
44.1024,40.3892,8
33.7753,37.8872,1
43.2429,33.5804,1
41.8738,41.1448,8
35.9945,43.4669,8
34.2083,30.5658,1
37.5659,36.0385,1
37.5763,44.3100,8
41.8518,33.1023,1
41.7347,33.2212,1
37.1247,32.5442,1
38.3966,35.9778,1
34.8547,42.5138,1
39.0598,32.8937,1
36.0573,38.5927,1
33.9735,42.7820,1
33.6767,35.9030,1
35.8498,31.6115,1
43.2038,35.8078,1
35.5230,32.0670,1
40.7461,36.0980,1
41.6017,32.3585,1
47.7245,45.0722,8
51.9233,53.7122,5
46.0247,47.5691,8
53.4104,40.0894,8
47.9301,46.3891,8
43.1103,42.1859,8
43.3658,41.5713,8
43.2731,48.8554,8
40.6279,51.5625,8
47.5288,52.0691,8
51.4623,45.0465,8
52.3339,53.8982,5
41.9253,52.3441,8
47.0487,48.9303,8
42.2479,40.2214,8
44.9053,53.8741,8
50.5990,43.2850,8
50.3506,44.7786,8
42.3912,44.1239,8
47.6940,54.0511,8
46.6606,42.3584,8
40.4819,54.5845,8
45.9126,47.8486,8
51.5397,50.8307,8
50.1753,45.5802,8
44.7623,47.5124,8
45.6975,46.2372,8
45.1276,46.3759,8
49.5752,52.4463,8
44.7695,46.0412,8
45.4737,45.0033,8
42.9759,43.1843,8
44.1495,42.8551,8
50.2879,44.6577,8
47.0741,48.4879,8
47.4261,44.3166,8
45.1861,54.8147,8
48.8956,48.5572,8
40.6718,53.1536,8
51.4782,48.5214,8
50.8960,44.9108,8
42.7530,53.9871,8
46.6560,44.1800,8
40.0804,50.9646,8
52.5877,41.5278,8
51.7358,51.7261,8
53.7186,54.0696,5
52.9471,50.3364,8
52.3432,45.6502,8
46.7157,48.4580,8
50.3060,43.6566,8
49.7835,53.1780,8
47.1738,53.2230,8
43.8341,52.5139,8
40.2488,53.5932,8
52.0009,41.8223,8
51.3002,48.0486,8
41.0932,47.8817,8
50.6180,47.1046,8
52.2966,52.2343,5
53.8591,40.4594,8
49.2128,52.9289,8
52.7351,40.0882,8
40.2009,50.6534,8
49.1063,51.5792,8
41.9963,54.5887,8
45.0457,51.2444,8
41.7219,53.4642,8
44.8891,53.3075,8
44.3662,40.7140,8
44.1022,53.4204,8
52.9011,42.8937,8
47.7387,48.6032,8
43.3909,51.1786,8
49.5194,50.7376,8
43.2920,49.5096,8
47.7148,51.0523,8
48.5400,45.8123,8
40.1754,54.7873,8
44.0648,48.0419,8
40.9447,44.5685,8
53.6015,48.1192,8
53.7144,50.2118,8
41.2828,43.0650,8
44.4298,49.5764,8
45.7294,49.2189,8
44.2126,41.7285,8
51.7599,47.4260,8
54.8552,41.8152,8
50.3924,41.4609,8
45.1767,46.8712,8
54.9757,44.6276,8
43.5849,50.3797,8
54.5376,51.2198,5
51.9410,53.3969,5
47.8091,47.4456,8
45.3685,41.2486,8
51.6961,47.8714,8
43.6626,52.7970,8
46.7433,44.4824,8
59.8461,58.4242,5
56.2324,56.8003,5
63.7311,55.2147,5
50.7279,50.3125,8
59.5331,62.6652,5
57.8228,60.9685,5
59.0533,54.2103,5
59.7039,63.9070,5
62.7005,59.6412,5
55.4818,57.3089,5
55.1063,62.2720,5
53.6484,61.6567,5
54.1544,62.2169,5
51.0353,61.4268,5
62.9321,64.2433,6
50.7797,51.9266,8
58.9076,64.5928,5
59.0591,51.3913,5
52.5387,63.4919,5
55.7186,58.2680,5
54.7527,51.6095,5
64.5070,59.4847,6
57.7296,62.0830,5
53.1550,51.4537,5
59.5850,59.8423,5
54.2307,63.3877,5
58.5477,60.3712,5
57.2829,54.6713,5
59.2872,63.4963,5
52.0152,56.2250,5
64.6344,52.7713,5
62.4389,57.9711,5
54.4839,62.9817,5
56.1154,62.0316,5
54.5066,62.4938,5
58.8813,61.2416,5
53.7689,50.1487,8
50.4331,53.6365,8
50.7810,64.2121,5
62.7584,59.4763,5
60.2591,59.3904,5
64.7707,55.1103,5
60.8684,51.6645,5
58.8440,52.6364,5
64.6448,64.5883,6
55.5885,59.2873,5
58.6492,50.5464,5
64.4999,52.5282,5
58.5184,50.4306,5
53.7034,51.7821,5
61.1885,56.6916,5
62.4715,63.8961,6
60.4658,56.0285,5
51.9769,52.1346,8
60.2805,63.8528,6
53.1898,54.1221,5
50.7143,61.1981,5
58.0568,53.3068,5
56.3063,54.6647,5
61.0876,56.5110,5
51.9067,59.2679,5
60.0053,52.4804,5
59.2835,53.5875,5
63.0746,56.0485,5
52.3521,57.9863,5
64.2008,56.6146,5
56.8690,60.3272,5
55.1299,54.9611,5
64.1484,60.1146,6
58.7212,59.8658,5
59.7592,56.9105,5
63.8400,52.4237,5
57.1661,56.3785,5
63.9186,55.0613,5
63.2841,56.9395,5
54.1965,60.6912,5
51.4174,63.2017,5
59.5859,55.2941,5
60.5043,50.3851,5
53.6367,54.6902,5
55.2492,64.2965,5
51.7574,57.7936,5
62.5733,61.8682,6
58.6883,53.4541,5
56.9795,52.9961,5
61.6069,58.3328,5
57.9580,60.2122,5
57.6120,58.9201,5
61.2497,54.4354,5
62.3670,57.1356,5
54.9964,56.0424,5
50.9214,52.8597,8
62.9700,57.2892,5
50.6551,52.0966,8
54.5742,62.3210,5
64.5682,63.9797,6
51.8478,56.1520,5
60.1032,61.4761,5
54.8705,59.4779,5
59.8420,51.7104,5
67.7073,66.1192,6
71.8718,73.8185,0
62.5286,65.7154,6
69.4636,71.1952,0
64.6806,60.9504,6
61.9650,66.1797,6
66.3044,68.6288,6
65.5232,63.8616,6
72.7229,61.8617,6
74.8582,63.3188,6
69.4826,69.5620,6
68.1913,64.0050,6
72.6943,68.7988,0
71.4142,73.8438,0
65.1505,70.3575,6
63.4349,72.5645,6
65.8427,74.4339,0
61.8530,66.9810,6
64.9169,71.1970,6
62.8665,65.3510,6
67.6368,73.5412,0
72.7381,61.0841,6
61.5991,71.7511,6
66.4182,61.3197,6
73.5204,74.8761,0
72.2367,61.6832,6
63.8472,63.5343,6
60.0515,71.4177,6
71.0065,71.6542,0
73.3987,67.7155,0
71.6367,63.9297,6
62.9651,71.2823,6
72.8072,73.5583,0
73.9039,67.7315,0
62.8362,71.9413,6
74.9257,64.8294,6
74.2734,69.9807,0
66.6606,67.0022,6
66.4401,65.9266,6
67.3881,64.5458,6
69.1301,73.8918,0
62.2209,63.6121,6
69.1416,67.4493,6
62.7253,71.6943,6
70.0834,74.7701,0
69.3367,60.5781,6
60.2737,71.1557,6
66.3827,74.0510,0
69.5523,63.9484,6
63.7806,70.8801,6
65.4818,72.4438,6
71.9626,69.2168,0
72.3777,64.1321,6
74.0070,62.6221,6
73.1574,64.9714,6
64.2939,61.8885,6
62.5743,66.8666,6
64.1923,63.7906,6
70.1106,73.1154,0
65.0690,60.6111,6
65.1977,72.6802,6
71.3631,65.5153,6
62.3960,68.7373,6
64.3319,72.8975,6
64.4004,64.0436,6
68.9131,74.1262,0
71.2347,68.9292,6
68.4517,66.2154,6
60.3954,73.0508,6
73.5942,60.4942,6
62.1041,69.8698,6
66.4014,74.9991,0
71.1316,68.5339,6
69.8156,72.2138,0
74.4775,61.8564,6
72.0527,73.3634,0
62.7723,70.2128,6
71.2779,70.1145,0
70.5458,63.7389,6
61.1836,63.1227,6
70.1017,72.4098,0
69.8210,68.4843,6
63.9494,66.3545,6
65.3147,62.6985,6
66.6024,66.2288,6
72.5642,64.2096,6
71.3672,68.9048,6
61.7187,67.8974,6
73.6873,72.6416,0
61.0087,72.9278,6
70.2110,70.5905,0
74.9320,61.8615,6
72.7573,64.0971,6
64.2779,66.2438,6
73.9003,73.8835,0
62.1116,70.5671,6
67.3727,65.3237,6
71.0819,60.7799,6
70.3769,66.1533,6
71.9473,65.2795,6
76.1494,77.7885,0
77.0912,78.8404,0
70.1627,75.8414,0
76.7397,75.2740,0
78.6934,80.3126,9
75.7424,80.3764,0
71.3418,81.7968,0
76.4213,83.2104,9
78.7372,80.0519,9
78.9088,70.5186,0
71.8889,73.7984,0
78.5550,79.2961,9
71.3348,77.2010,0
77.3130,76.9562,0
79.0248,72.2832,0
76.9085,70.7254,0
74.5882,78.5473,0
82.4040,81.5899,9
82.7762,77.9920,9
71.3283,83.2799,0
73.1522,72.3271,0
71.9056,78.0292,0
75.6063,71.9929,0
77.3865,79.6569,9
73.4377,74.7688,0
70.5001,78.3332,0
73.3077,75.0833,0
79.4440,75.3560,0
76.5133,81.1637,9
80.4679,77.4391,9
78.2046,79.5886,9
74.9409,83.9392,9
77.8730,72.7877,0
76.9996,71.3186,0
81.4013,81.6878,9
77.9795,79.2492,9
73.0746,81.2848,0
70.9397,83.8428,0
77.1184,84.0489,9
78.3871,78.3429,0
75.9947,82.1551,9
81.1981,76.1276,9
79.3676,82.6187,9
76.9618,83.3592,9
74.2832,72.3926,0
70.7145,77.7903,0
78.3114,70.5259,0
84.6197,75.7072,9
83.9580,81.7478,9
79.2275,83.4591,9
76.6843,75.5293,0
78.5778,78.5726,9
71.8837,82.3702,0
76.1266,70.7492,0
77.4968,75.0839,0
74.9764,83.5026,9
81.4986,82.1304,9
78.1766,83.2998,9
80.9143,81.5461,9
79.5433,73.9953,0
78.3243,82.6747,9
75.2222,76.6053,0
72.1456,84.6637,9
82.8312,77.7434,9
80.8542,79.1216,9
75.0072,72.4792,0
78.3872,80.2320,9
70.9961,75.5272,0
82.7603,70.7910,0
70.7351,79.9666,0
81.6830,78.2098,9
81.1190,80.2892,9
80.8366,81.5235,9
78.6536,78.3977,9
79.1419,72.8358,0
83.1241,74.0569,0
80.8040,82.4913,9
84.3380,82.8147,9
71.2652,77.9200,0
71.1368,74.3848,0
78.8656,84.2671,9
81.7134,73.8563,0
73.8965,72.2235,0
79.3834,80.3584,9
80.5941,74.5241,0
72.3533,74.5562,0
76.3883,77.9598,0
84.2471,70.6899,0
77.6687,70.1401,0
80.3597,74.8929,0
74.8577,84.8416,9
84.3804,72.2619,0
74.6399,71.7935,0
76.9448,73.2549,0
72.1819,79.2534,0
71.2715,71.4112,0
84.7975,73.7459,9
74.8035,80.1279,0
82.9599,80.4838,9
72.7724,75.7033,0
82.7481,88.3672,9
80.0513,85.6938,9
89.3297,93.7025,4
80.7988,92.7359,9
80.9904,94.0424,4
87.1763,93.5133,4
94.9595,85.0965,4
83.2386,88.3420,9
92.7268,87.9060,4
91.3079,88.2432,4
88.3335,92.3416,4
91.0765,84.3331,4
88.2647,81.8977,9
81.1907,85.4588,9
93.6510,89.9616,4
92.5042,83.2133,4
92.2605,90.5184,4
84.0359,81.4048,9
80.1328,91.5983,9
89.5756,86.3854,4
89.5699,80.5241,9
93.1334,94.7014,4
82.5439,86.0821,9
81.9881,87.9664,9
84.8919,85.6500,9
84.2111,86.8146,9
91.3898,92.3401,4
84.0754,91.5320,4
81.5663,83.0030,9
92.2230,92.1651,4
83.0847,89.2200,9
91.9896,89.1798,4
90.7444,82.6455,9
85.2176,84.7691,9
87.0842,89.3392,4
92.9585,94.7779,4
87.7749,90.1625,4
83.6713,85.9073,9
87.2473,94.4216,4
94.4222,88.3030,4
90.0866,86.5350,4
88.3054,92.5830,4
84.9074,87.8691,9
85.3815,86.8247,9
85.6558,92.3347,4
85.8633,94.3081,4
93.4277,92.0804,4
80.2625,92.8473,9
83.0077,83.1617,9
85.3335,84.1284,9
94.9684,83.2113,4
86.7153,89.8046,4
90.3742,82.5487,9
91.2996,92.5890,4
85.0848,89.2622,9
90.1826,90.7908,4
86.3178,82.9052,9
88.3736,86.4505,4
85.7662,86.0257,9
81.7103,81.8069,9
87.8225,82.5704,9
88.6573,94.0200,4
83.4750,80.8104,9
92.1979,93.1543,4
80.5424,84.2943,9
92.9521,84.9642,4
82.2507,83.7351,9
93.0993,90.2610,4
86.9779,85.1903,9
81.5525,89.3659,9
88.8529,87.0662,4
93.0937,93.6000,4
87.8621,81.2914,9
90.1154,86.1199,4
81.1491,90.5249,9
84.4579,86.2374,9
92.5889,85.1033,4
84.6681,93.6165,4
85.7883,83.2436,9
80.9188,87.0964,9
82.8945,93.3719,4
89.1352,94.2762,4
82.2575,80.1696,9
93.2334,88.7813,4
94.4209,88.4300,4
83.4314,86.8602,9
83.7373,83.9960,9
86.8527,82.3474,9
90.1622,89.5352,4
84.9206,93.7006,4
87.3741,91.7239,4
88.8920,87.9433,4
81.6858,81.3933,9
88.0393,83.6469,9
83.0666,86.3417,9
85.2992,94.4157,4
80.3328,93.7600,9
91.5213,89.7050,4
80.2018,86.3215,9
85.4379,87.3901,9
95.8935,96.7754,7
104.3197,100.4599,7
91.0687,94.4960,4
102.1377,93.1362,7
92.4659,90.8693,4
94.8863,91.2729,4
101.7144,95.9372,7
102.6254,103.9606,7
92.0755,102.3301,7
94.6577,90.2384,4
100.1405,93.1429,7
97.2490,103.6990,7
101.6446,90.7378,7
97.3655,91.8443,4
94.6866,96.5130,4
103.0041,95.6497,7
97.2771,96.6578,7
97.9781,90.0052,4
96.6351,99.5455,7
98.6901,103.7550,7
95.7641,92.1368,4
97.1516,102.4853,7
99.8440,103.0885,7
100.5017,99.6398,7
95.6417,92.8908,4
104.5163,93.9892,7
94.3018,96.9364,4
101.4159,103.7949,7
97.8180,100.6811,7
96.3714,97.9942,7
99.8273,101.1581,7
94.9949,92.7245,4
103.2150,103.6502,7
103.9147,96.1465,7
93.2334,97.2001,4
95.0453,101.2409,7
97.3854,95.4114,7
100.2420,98.6622,7
91.7099,98.1813,4
92.1921,100.1020,4
102.9891,91.2575,7
92.1731,100.0837,4
104.1303,95.6617,7
104.7501,91.1462,7
103.1680,94.3894,7
93.0882,94.8129,4
93.4894,103.4420,7
91.9657,100.5336,4
104.1358,96.3201,7
99.1045,93.9116,7
97.3325,96.4745,7
93.6131,102.1458,7
103.4005,94.4483,7
90.2902,99.0988,4
97.4842,100.7004,7
98.3172,90.2095,4
101.0032,91.1215,7
102.8572,95.9289,7
94.4327,93.6900,4
99.4064,100.0435,7
90.8216,91.8484,4
95.8382,99.2365,7
95.5916,92.0110,4
90.8073,92.7089,4
99.2423,101.5977,7
98.5846,94.4100,7
102.1278,100.4515,7
104.7638,90.8311,7
98.1962,95.7608,7
98.3677,90.0277,4
104.7456,90.1071,7
100.9182,102.6770,7
97.6285,98.5937,7
101.0009,104.0991,7
100.0693,92.9840,7
103.9560,103.8972,2
104.1604,90.8031,7
95.4746,93.7752,4
90.5088,97.9374,4
90.3224,99.4558,4
102.5788,101.1886,7
101.5750,92.7809,7
94.3659,102.6813,7
99.3947,94.1465,7
103.2732,97.9869,7
98.7020,99.0916,7
94.2239,90.1313,4
95.1036,95.8411,4
90.6660,95.5220,4
101.8810,100.6887,7
93.3963,91.1176,4
96.1929,104.9066,7
94.0335,102.3291,7
102.4605,90.5698,7
101.9883,102.0218,7
103.9337,102.8617,7
98.5030,95.1028,7
101.1645,90.3279,7
103.2601,95.2050,7
98.5452,93.3744,7
105.4888,109.7380,2
101.3517,104.0435,7
111.9524,106.4736,2
106.7398,111.8281,2
102.5238,107.1522,2
103.2324,103.1373,7
102.6100,106.3803,2
106.9782,111.3602,2
111.5079,108.1468,2
109.8724,104.3013,2
108.7565,108.8288,2
106.7922,104.4299,2
103.7924,108.8649,2
103.3601,109.9614,2
105.4953,108.0673,2
108.2953,104.3982,2
108.9722,111.9726,2
109.3955,112.6692,2
103.4774,102.1966,7
105.8751,114.0320,2
109.7214,113.4088,2
100.1681,108.4082,2
112.0972,106.1880,2
100.7574,112.6521,2
112.4409,105.9748,2
105.8668,108.0149,2
111.9482,114.5079,2
112.9194,110.8667,2
104.4984,109.5705,2
105.6168,114.2989,2
103.9115,100.2751,7
109.5454,110.0017,2
105.6676,114.5831,2
111.3072,103.3328,2
110.3352,102.9667,2
103.1725,113.4214,2
100.1151,112.3773,2
109.3147,106.8535,2
112.6402,100.0232,2
111.1477,106.0527,2
112.4038,100.7526,2
106.0679,105.9549,2
113.1753,101.6032,2
106.8563,111.4150,2
103.8754,101.9147,7
101.5737,114.7630,2
114.4886,114.6468,2
112.5081,105.4601,2
104.2880,113.4905,2
106.8329,109.4648,2
114.5772,100.6669,2
104.2111,100.8413,7
101.3103,108.8692,2
109.5444,113.9548,2
103.8583,100.7524,7
103.1045,109.3911,2
113.7503,105.8093,2
104.4151,102.7203,7
108.1451,101.6909,2
106.8617,100.9196,7
103.6150,113.0077,2
106.6334,104.9502,2
103.2251,100.0132,7
108.2760,108.7178,2
113.6194,113.4635,2
106.4243,105.6490,2
114.6132,114.2436,2
107.8523,113.0133,2
114.9362,100.5536,2
102.3226,111.2828,2
102.4740,112.3276,2
112.8452,111.2685,2
110.5057,114.7794,2
113.7175,103.7474,2
103.8553,110.9496,2
110.8140,107.0446,2
105.2388,108.2412,2
113.0760,108.6582,2
108.8595,107.6845,2
113.4389,101.8918,2
102.8782,112.3791,2
109.6393,102.3401,2
101.9767,107.3530,2
100.3247,100.8198,7
103.9678,104.3914,2
108.3266,103.2978,2
100.4024,102.6122,7
113.0111,109.3040,2
100.7759,108.0246,2
100.4021,114.7476,2
111.6606,100.9264,2
105.0789,100.6303,7
108.0462,110.3137,2
103.5427,102.3621,7
113.3195,112.0488,2
106.1031,111.8472,2
111.6212,110.1920,2
112.6133,114.9494,2
104.2187,100.4587,7
108.8084,112.4011,2
