20.8886,21.1391
24.0760,19.2466
20.7845,23.1065
23.1705,12.8570
10.8720,14.8487
12.7187,14.9454
18.7853,19.2653
11.0724,14.9075
11.5513,23.5354
11.8951,24.9536
16.9644,23.2281
17.0893,23.6554
24.1445,22.6404
11.6607,22.4021
16.2274,18.9275
21.4159,15.8551
13.5499,21.8863
11.9970,12.5585
21.2848,17.6065
16.6821,16.7936
16.5278,15.6579
22.9422,17.4189
17.0767,14.1277
10.5571,17.6177
12.0893,18.8440
20.3027,16.8575
17.8222,15.4210
11.1573,10.3622
20.8941,23.4246
24.2974,14.3962
11.7169,15.3770
12.8175,13.8121
16.4668,21.2188
11.2983,24.3198
13.3804,21.2567
24.3036,20.2891
24.8359,14.4190
15.7182,12.2017
19.7511,18.1753
19.6701,20.1898
14.2617,24.8926
22.2498,18.8859
23.9445,12.7888
18.4768,21.6732
10.5037,21.3110
20.0013,14.4998
14.5312,16.0954
11.4690,18.0475
11.6474,11.5061
22.2945,21.3486
19.0601,24.1017
22.2987,24.0706
20.0565,15.2926
14.9216,19.0757
13.8341,13.7708
15.0839,23.0040
10.3818,24.8771
15.8420,18.2314
18.4966,22.6966
20.3852,23.0843
15.5375,10.3239
14.1060,19.6294
24.3675,13.4928
15.4831,12.9153
22.8863,17.3459
24.6263,10.8489
16.6300,11.0110
22.5578,21.4207
11.8341,10.3084
19.7538,17.9928
21.2649,23.3029
23.5025,20.3368
16.5820,22.4368
13.2944,15.0067
24.5868,12.7185
23.0911,17.2505
17.2119,12.4588
11.3952,10.5212
15.0663,11.4161
24.7413,19.4823
17.9601,20.4265
19.1055,16.4548
13.7717,16.8221
12.5438,22.0791
18.4803,13.2395
16.6855,15.0019
12.3925,12.4971
12.8067,14.2544
19.6002,11.3321
11.4141,13.4966
15.2157,19.7757
19.6354,12.9298
10.0588,14.9149
24.0706,18.2438
14.6298,19.4846
10.8653,13.8725
22.6685,10.4092
23.5691,19.3685
16.2678,15.6632
23.1027,12.5486
22.0954,32.5958
24.5512,29.8923
23.4383,27.1776
26.3808,31.9530
34.7513,29.5636
24.4656,20.0816
31.5014,33.8523
22.1160,22.0885
25.4095,29.9342
22.0388,33.2009
29.8904,30.6858
30.5471,30.8736
20.7713,25.7662
24.9969,28.3264
31.6556,21.4603
22.8218,32.3042
26.8928,29.8857
31.8684,26.2660
24.2290,34.0187
34.5331,28.1508
28.4965,23.1410
26.2033,34.5297
25.3631,29.3122
22.5037,27.5922
25.2047,28.8918
34.6056,20.8721
22.8267,31.4454
32.8701,34.4060
24.2619,20.6251
31.4730,27.7593
34.4626,27.8621
30.8563,26.4689
23.1979,32.3186
28.0558,28.6187
24.2265,32.2779
24.3582,22.6254
33.9465,34.7458
34.5224,26.9337
28.3808,20.8248
27.8816,33.6869
23.6182,31.2547
29.0491,26.4590
24.0866,21.3330
31.0013,23.2101
31.3589,30.8479
27.1816,31.7057
32.1662,26.8301
25.6382,23.3530
34.7972,29.4501
23.3725,30.8560
25.3297,23.9717
23.6373,28.0426
28.9632,32.9141
32.1485,30.1007
30.3119,34.5219
29.1927,26.1284
23.7106,31.5531
23.8642,33.4630
21.2795,32.2820
26.4674,28.4077
26.5626,21.7268
26.2877,23.2357
30.9743,24.5772
24.7931,27.5650
23.2791,28.3039
20.9067,20.8878
25.8436,34.1720
21.8092,28.2074
33.7798,27.0721
21.6844,28.0482
33.8941,32.0308
20.3903,23.7046
32.1597,22.2789
29.5914,33.2766
27.3865,20.4500
34.9794,33.8459
34.9094,29.1711
22.3586,34.6518
29.8379,30.8200
32.8986,30.4849
27.3729,24.4895
32.2624,23.1473
22.7705,20.7431
30.3267,22.6784
34.0860,20.9727
32.9009,31.1915
22.7788,34.5088
28.1261,34.6843
24.8650,25.3761
22.3774,31.9269
27.0838,27.4567
33.6309,26.0240
27.9467,26.4198
26.6350,25.4337
29.6626,32.1812
20.0151,21.8767
29.4699,26.1806
31.1072,33.0224
34.7810,30.0891
32.4502,28.2840
38.4065,38.9607
33.6052,30.2718
30.9430,33.3239
35.4219,30.3443
33.8846,33.3122
38.9627,39.5956
44.4197,39.9419
30.1199,31.5530
43.4412,42.5672
31.7277,44.3197
43.5763,36.6056
34.9523,37.3808
30.0220,31.2882
42.7054,41.8528
42.1305,30.1262
31.5114,41.8678
43.5962,32.6178
36.5687,37.6650
41.2173,34.1537
36.9064,34.9849
34.2429,31.4867
40.0949,44.0178
34.5540,31.1345
31.5319,32.8514
38.1485,39.7632
35.8002,43.9801
33.5182,41.4093
31.5469,33.4789
31.2392,38.1891
44.4976,34.6314
38.0345,30.0228
41.1313,40.6965
43.0934,44.7458
31.0853,36.2345
43.7279,32.9686
40.5534,36.7694
41.4571,31.9088
44.9192,30.4208
34.1626,32.8433
33.4128,40.7529
40.8469,32.1272
34.1439,38.2230
39.4588,33.9007
33.2223,34.1763
35.7163,43.1156
32.6518,37.6154
40.7401,37.2734
32.7057,32.1487
31.2205,39.2978
38.4850,40.6557
32.0949,34.7158
44.7515,34.1576
37.9345,35.6435
40.2342,33.5325
38.3328,31.8129
38.6654,35.7125
30.9490,41.3393
33.3492,31.8556
37.2644,31.6354
32.3597,34.5593
31.8764,30.6943
31.3947,42.6928
32.6871,30.6229
41.9076,42.1834
40.6362,42.2059
31.3802,35.2975
37.4599,38.1835
31.7602,44.7106
44.9684,43.7313
31.6665,31.9335
39.7678,37.9878
36.5412,40.4396
36.3809,37.4862
43.2004,38.4513
35.4055,42.1356
39.3232,34.3605
35.9071,30.2376
38.9962,30.2972
44.1024,40.3892
33.7753,37.8872
43.2429,33.5804
41.8738,41.1448
35.9945,43.4669
34.2083,30.5658
37.5659,36.0385
37.5763,44.3100
41.8518,33.1023
41.7347,33.2212
37.1247,32.5442
38.3966,35.9778
34.8547,42.5138
39.0598,32.8937
36.0573,38.5927
33.9735,42.7820
33.6767,35.9030
35.8498,31.6115
43.2038,35.8078
35.5230,32.0670
40.7461,36.0980
41.6017,32.3585
47.7245,45.0722
51.9233,53.7122
46.0247,47.5691
53.4104,40.0894
47.9301,46.3891
43.1103,42.1859
43.3658,41.5713
43.2731,48.8554
40.6279,51.5625
47.5288,52.0691
51.4623,45.0465
52.3339,53.8982
41.9253,52.3441
47.0487,48.9303
42.2479,40.2214
44.9053,53.8741
50.5990,43.2850
50.3506,44.7786
42.3912,44.1239
47.6940,54.0511
46.6606,42.3584
40.4819,54.5845
45.9126,47.8486
51.5397,50.8307
50.1753,45.5802
44.7623,47.5124
45.6975,46.2372
45.1276,46.3759
49.5752,52.4463
44.7695,46.0412
45.4737,45.0033
42.9759,43.1843
44.1495,42.8551
50.2879,44.6577
47.0741,48.4879
47.4261,44.3166
45.1861,54.8147
48.8956,48.5572
40.6718,53.1536
51.4782,48.5214
50.8960,44.9108
42.7530,53.9871
46.6560,44.1800
40.0804,50.9646
52.5877,41.5278
51.7358,51.7261
53.7186,54.0696
52.9471,50.3364
52.3432,45.6502
46.7157,48.4580
50.3060,43.6566
49.7835,53.1780
47.1738,53.2230
43.8341,52.5139
40.2488,53.5932
52.0009,41.8223
51.3002,48.0486
41.0932,47.8817
50.6180,47.1046
52.2966,52.2343
53.8591,40.4594
49.2128,52.9289
52.7351,40.0882
40.2009,50.6534
49.1063,51.5792
41.9963,54.5887
45.0457,51.2444
41.7219,53.4642
44.8891,53.3075
44.3662,40.7140
44.1022,53.4204
52.9011,42.8937
47.7387,48.6032
43.3909,51.1786
49.5194,50.7376
43.2920,49.5096
47.7148,51.0523
48.5400,45.8123
40.1754,54.7873
44.0648,48.0419
40.9447,44.5685
53.6015,48.1192
53.7144,50.2118
41.2828,43.0650
44.4298,49.5764
45.7294,49.2189
44.2126,41.7285
51.7599,47.4260
54.8552,41.8152
50.3924,41.4609
45.1767,46.8712
54.9757,44.6276
43.5849,50.3797
54.5376,51.2198
51.9410,53.3969
47.8091,47.4456
45.3685,41.2486
51.6961,47.8714
43.6626,52.7970
46.7433,44.4824
59.8461,58.4242
56.2324,56.8003
63.7311,55.2147
50.7279,50.3125
59.5331,62.6652
57.8228,60.9685
59.0533,54.2103
59.7039,63.9070
62.7005,59.6412
55.4818,57.3089
55.1063,62.2720
53.6484,61.6567
54.1544,62.2169
51.0353,61.4268
62.9321,64.2433
50.7797,51.9266
58.9076,64.5928
59.0591,51.3913
52.5387,63.4919
55.7186,58.2680
54.7527,51.6095
64.5070,59.4847
57.7296,62.0830
53.1550,51.4537
59.5850,59.8423
54.2307,63.3877
58.5477,60.3712
57.2829,54.6713
59.2872,63.4963
52.0152,56.2250
64.6344,52.7713
62.4389,57.9711
54.4839,62.9817
56.1154,62.0316
54.5066,62.4938
58.8813,61.2416
53.7689,50.1487
50.4331,53.6365
50.7810,64.2121
62.7584,59.4763
60.2591,59.3904
64.7707,55.1103
60.8684,51.6645
58.8440,52.6364
64.6448,64.5883
55.5885,59.2873
58.6492,50.5464
64.4999,52.5282
58.5184,50.4306
53.7034,51.7821
61.1885,56.6916
62.4715,63.8961
60.4658,56.0285
51.9769,52.1346
60.2805,63.8528
53.1898,54.1221
50.7143,61.1981
58.0568,53.3068
56.3063,54.6647
61.0876,56.5110
51.9067,59.2679
60.0053,52.4804
59.2835,53.5875
63.0746,56.0485
52.3521,57.9863
64.2008,56.6146
56.8690,60.3272
55.1299,54.9611
64.1484,60.1146
58.7212,59.8658
59.7592,56.9105
63.8400,52.4237
57.1661,56.3785
63.9186,55.0613
63.2841,56.9395
54.1965,60.6912
51.4174,63.2017
59.5859,55.2941
60.5043,50.3851
53.6367,54.6902
55.2492,64.2965
51.7574,57.7936
62.5733,61.8682
58.6883,53.4541
56.9795,52.9961
61.6069,58.3328
57.9580,60.2122
57.6120,58.9201
61.2497,54.4354
62.3670,57.1356
54.9964,56.0424
50.9214,52.8597
62.9700,57.2892
50.6551,52.0966
54.5742,62.3210
64.5682,63.9797
51.8478,56.1520
60.1032,61.4761
54.8705,59.4779
59.8420,51.7104
67.7073,66.1192
71.8718,73.8185
62.5286,65.7154
69.4636,71.1952
64.6806,60.9504
61.9650,66.1797
66.3044,68.6288
65.5232,63.8616
72.7229,61.8617
74.8582,63.3188
69.4826,69.5620
68.1913,64.0050
72.6943,68.7988
71.4142,73.8438
65.1505,70.3575
63.4349,72.5645
65.8427,74.4339
61.8530,66.9810
64.9169,71.1970
62.8665,65.3510
67.6368,73.5412
72.7381,61.0841
61.5991,71.7511
66.4182,61.3197
73.5204,74.8761
72.2367,61.6832
63.8472,63.5343
60.0515,71.4177
71.0065,71.6542
73.3987,67.7155
71.6367,63.9297
62.9651,71.2823
72.8072,73.5583
73.9039,67.7315
62.8362,71.9413
74.9257,64.8294
74.2734,69.9807
66.6606,67.0022
66.4401,65.9266
67.3881,64.5458
69.1301,73.8918
62.2209,63.6121
69.1416,67.4493
62.7253,71.6943
70.0834,74.7701
69.3367,60.5781
60.2737,71.1557
66.3827,74.0510
69.5523,63.9484
63.7806,70.8801
65.4818,72.4438
71.9626,69.2168
72.3777,64.1321
74.0070,62.6221
73.1574,64.9714
64.2939,61.8885
62.5743,66.8666
64.1923,63.7906
70.1106,73.1154
65.0690,60.6111
65.1977,72.6802
71.3631,65.5153
62.3960,68.7373
64.3319,72.8975
64.4004,64.0436
68.9131,74.1262
71.2347,68.9292
68.4517,66.2154
60.3954,73.0508
73.5942,60.4942
62.1041,69.8698
66.4014,74.9991
71.1316,68.5339
69.8156,72.2138
74.4775,61.8564
72.0527,73.3634
62.7723,70.2128
71.2779,70.1145
70.5458,63.7389
61.1836,63.1227
70.1017,72.4098
69.8210,68.4843
63.9494,66.3545
65.3147,62.6985
66.6024,66.2288
72.5642,64.2096
71.3672,68.9048
61.7187,67.8974
73.6873,72.6416
61.0087,72.9278
70.2110,70.5905
74.9320,61.8615
72.7573,64.0971
64.2779,66.2438
73.9003,73.8835
62.1116,70.5671
67.3727,65.3237
71.0819,60.7799
70.3769,66.1533
71.9473,65.2795
76.1494,77.7885
77.0912,78.8404
70.1627,75.8414
76.7397,75.2740
78.6934,80.3126
75.7424,80.3764
71.3418,81.7968
76.4213,83.2104
78.7372,80.0519
78.9088,70.5186
71.8889,73.7984
78.5550,79.2961
71.3348,77.2010
77.3130,76.9562
79.0248,72.2832
76.9085,70.7254
74.5882,78.5473
82.4040,81.5899
82.7762,77.9920
71.3283,83.2799
73.1522,72.3271
71.9056,78.0292
75.6063,71.9929
77.3865,79.6569
73.4377,74.7688
70.5001,78.3332
73.3077,75.0833
79.4440,75.3560
76.5133,81.1637
80.4679,77.4391
78.2046,79.5886
74.9409,83.9392
77.8730,72.7877
76.9996,71.3186
81.4013,81.6878
77.9795,79.2492
73.0746,81.2848
70.9397,83.8428
77.1184,84.0489
78.3871,78.3429
75.9947,82.1551
81.1981,76.1276
79.3676,82.6187
76.9618,83.3592
74.2832,72.3926
70.7145,77.7903
78.3114,70.5259
84.6197,75.7072
83.9580,81.7478
79.2275,83.4591
76.6843,75.5293
78.5778,78.5726
71.8837,82.3702
76.1266,70.7492
77.4968,75.0839
74.9764,83.5026
81.4986,82.1304
78.1766,83.2998
80.9143,81.5461
79.5433,73.9953
78.3243,82.6747
75.2222,76.6053
72.1456,84.6637
82.8312,77.7434
80.8542,79.1216
75.0072,72.4792
78.3872,80.2320
70.9961,75.5272
82.7603,70.7910
70.7351,79.9666
81.6830,78.2098
81.1190,80.2892
80.8366,81.5235
78.6536,78.3977
79.1419,72.8358
83.1241,74.0569
80.8040,82.4913
84.3380,82.8147
71.2652,77.9200
71.1368,74.3848
78.8656,84.2671
81.7134,73.8563
73.8965,72.2235
79.3834,80.3584
80.5941,74.5241
72.3533,74.5562
76.3883,77.9598
84.2471,70.6899
77.6687,70.1401
80.3597,74.8929
74.8577,84.8416
84.3804,72.2619
74.6399,71.7935
76.9448,73.2549
72.1819,79.2534
71.2715,71.4112
84.7975,73.7459
74.8035,80.1279
82.9599,80.4838
72.7724,75.7033
82.7481,88.3672
80.0513,85.6938
89.3297,93.7025
80.7988,92.7359
80.9904,94.0424
87.1763,93.5133
94.9595,85.0965
83.2386,88.3420
92.7268,87.9060
91.3079,88.2432
88.3335,92.3416
91.0765,84.3331
88.2647,81.8977
81.1907,85.4588
93.6510,89.9616
92.5042,83.2133
92.2605,90.5184
84.0359,81.4048
80.1328,91.5983
89.5756,86.3854
89.5699,80.5241
93.1334,94.7014
82.5439,86.0821
81.9881,87.9664
84.8919,85.6500
84.2111,86.8146
91.3898,92.3401
84.0754,91.5320
81.5663,83.0030
92.2230,92.1651
83.0847,89.2200
91.9896,89.1798
90.7444,82.6455
85.2176,84.7691
87.0842,89.3392
92.9585,94.7779
87.7749,90.1625
83.6713,85.9073
87.2473,94.4216
94.4222,88.3030
90.0866,86.5350
88.3054,92.5830
84.9074,87.8691
85.3815,86.8247
85.6558,92.3347
85.8633,94.3081
93.4277,92.0804
80.2625,92.8473
83.0077,83.1617
85.3335,84.1284
94.9684,83.2113
86.7153,89.8046
90.3742,82.5487
91.2996,92.5890
85.0848,89.2622
90.1826,90.7908
86.3178,82.9052
88.3736,86.4505
85.7662,86.0257
81.7103,81.8069
87.8225,82.5704
88.6573,94.0200
83.4750,80.8104
92.1979,93.1543
80.5424,84.2943
92.9521,84.9642
82.2507,83.7351
93.0993,90.2610
86.9779,85.1903
81.5525,89.3659
88.8529,87.0662
93.0937,93.6000
87.8621,81.2914
90.1154,86.1199
81.1491,90.5249
84.4579,86.2374
92.5889,85.1033
84.6681,93.6165
85.7883,83.2436
80.9188,87.0964
82.8945,93.3719
89.1352,94.2762
82.2575,80.1696
93.2334,88.7813
94.4209,88.4300
83.4314,86.8602
83.7373,83.9960
86.8527,82.3474
90.1622,89.5352
84.9206,93.7006
87.3741,91.7239
88.8920,87.9433
81.6858,81.3933
88.0393,83.6469
83.0666,86.3417
85.2992,94.4157
80.3328,93.7600
91.5213,89.7050
80.2018,86.3215
85.4379,87.3901
95.8935,96.7754
104.3197,100.4599
91.0687,94.4960
102.1377,93.1362
92.4659,90.8693
94.8863,91.2729
101.7144,95.9372
102.6254,103.9606
92.0755,102.3301
94.6577,90.2384
100.1405,93.1429
97.2490,103.6990
101.6446,90.7378
97.3655,91.8443
94.6866,96.5130
103.0041,95.6497
97.2771,96.6578
97.9781,90.0052
96.6351,99.5455
98.6901,103.7550
95.7641,92.1368
97.1516,102.4853
99.8440,103.0885
100.5017,99.6398
95.6417,92.8908
104.5163,93.9892
94.3018,96.9364
101.4159,103.7949
97.8180,100.6811
96.3714,97.9942
99.8273,101.1581
94.9949,92.7245
103.2150,103.6502
103.9147,96.1465
93.2334,97.2001
95.0453,101.2409
97.3854,95.4114
100.2420,98.6622
91.7099,98.1813
92.1921,100.1020
102.9891,91.2575
92.1731,100.0837
104.1303,95.6617
104.7501,91.1462
103.1680,94.3894
93.0882,94.8129
93.4894,103.4420
91.9657,100.5336
104.1358,96.3201
99.1045,93.9116
97.3325,96.4745
93.6131,102.1458
103.4005,94.4483
90.2902,99.0988
97.4842,100.7004
98.3172,90.2095
101.0032,91.1215
102.8572,95.9289
94.4327,93.6900
99.4064,100.0435
90.8216,91.8484
95.8382,99.2365
95.5916,92.0110
90.8073,92.7089
99.2423,101.5977
98.5846,94.4100
102.1278,100.4515
104.7638,90.8311
98.1962,95.7608
98.3677,90.0277
104.7456,90.1071
100.9182,102.6770
97.6285,98.5937
101.0009,104.0991
100.0693,92.9840
103.9560,103.8972
104.1604,90.8031
95.4746,93.7752
90.5088,97.9374
90.3224,99.4558
102.5788,101.1886
101.5750,92.7809
94.3659,102.6813
99.3947,94.1465
103.2732,97.9869
98.7020,99.0916
94.2239,90.1313
95.1036,95.8411
90.6660,95.5220
101.8810,100.6887
93.3963,91.1176
96.1929,104.9066
94.0335,102.3291
102.4605,90.5698
101.9883,102.0218
103.9337,102.8617
98.5030,95.1028
101.1645,90.3279
103.2601,95.2050
98.5452,93.3744
105.4888,109.7380
101.3517,104.0435
111.9524,106.4736
106.7398,111.8281
102.5238,107.1522
103.2324,103.1373
102.6100,106.3803
106.9782,111.3602
111.5079,108.1468
109.8724,104.3013
108.7565,108.8288
106.7922,104.4299
103.7924,108.8649
103.3601,109.9614
105.4953,108.0673
108.2953,104.3982
108.9722,111.9726
109.3955,112.6692
103.4774,102.1966
105.8751,114.0320
109.7214,113.4088
100.1681,108.4082
112.0972,106.1880
100.7574,112.6521
112.4409,105.9748
105.8668,108.0149
111.9482,114.5079
112.9194,110.8667
104.4984,109.5705
105.6168,114.2989
103.9115,100.2751
109.5454,110.0017
105.6676,114.5831
111.3072,103.3328
110.3352,102.9667
103.1725,113.4214
100.1151,112.3773
109.3147,106.8535
112.6402,100.0232
111.1477,106.0527
112.4038,100.7526
106.0679,105.9549
113.1753,101.6032
106.8563,111.4150
103.8754,101.9147
101.5737,114.7630
114.4886,114.6468
112.5081,105.4601
104.2880,113.4905
106.8329,109.4648
114.5772,100.6669
104.2111,100.8413
101.3103,108.8692
109.5444,113.9548
103.8583,100.7524
103.1045,109.3911
113.7503,105.8093
104.4151,102.7203
108.1451,101.6909
106.8617,100.9196
103.6150,113.0077
106.6334,104.9502
103.2251,100.0132
108.2760,108.7178
113.6194,113.4635
106.4243,105.6490
114.6132,114.2436
107.8523,113.0133
114.9362,100.5536
102.3226,111.2828
102.4740,112.3276
112.8452,111.2685
110.5057,114.7794
113.7175,103.7474
103.8553,110.9496
110.8140,107.0446
105.2388,108.2412
113.0760,108.6582
108.8595,107.6845
113.4389,101.8918
102.8782,112.3791
109.6393,102.3401
101.9767,107.3530
100.3247,100.8198
103.9678,104.3914
108.3266,103.2978
100.4024,102.6122
113.0111,109.3040
100.7759,108.0246
100.4021,114.7476
111.6606,100.9264
105.0789,100.6303
108.0462,110.3137
103.5427,102.3621
113.3195,112.0488
106.1031,111.8472
111.6212,110.1920
112.6133,114.9494
104.2187,100.4587
108.8084,112.4011
